0.017204056999617023
0.0035420189997239504
0.003402670001378283
0.006751163000444649
0.00568328600274981
0.0029868320016248617
0.003920892002497567
0.005448269999760669
0.0030362939978658687
0.0029736469987255987
0.0036023650027345866
0.002732534001552267
0.004977968001185218
0.003285757000412559
0.0029792539971822407
0.004115497002203483
0.0028989130005356856
0.0031809550018806476
0.00214827099989634
0.0019301699976495001
0.0018219539997517131
0.00236034999761614
0.003392136000911705
0.004500538998399861
0.002637058998516295
0.0025619689986342564
0.0039441280023311265
0.00495005199991283
0.0024940180010162294
0.0025269140023738146
0.0025461830009589903
0.0029376989987213165
0.002489117996447021
0.002759757000603713
0.002759457998763537
0.0025473679997958243
0.002466737998474855
0.0028601769990928005
0.003785524000704754
0.003937028002837906
0.0021073120005894452
0.0027825710021716077
0.0026168789991061203
0.003807383000093978
0.004016298000351526
0.0034388799977023154
0.002205279000918381
0.0035547090010368265
0.003418079999391921
0.003978371998528019
0.0058604909972928
0.0026201150030829012
0.00224972800060641
0.0029153519972169306
0.004304039997805376
0.002411474000837188
0.00294964799832087
0.0028649919986492023
0.002640716000314569
0.0035078159999102354
0.0031635509985790122
0.0005851370005984791
0.0025362719970871694
0.003116435000265483
0.002534416998969391
0.0020025609992444515
0.0042529450001893565
0.0018605320001370274
0.002064032003545435
0.0028279540019866545
0.00353711400020984
0.003389742003491847
0.0031314410007325932
0.003123942002275726
0.0022426190007536206
0.002129896001861198
0.0024395620021095965
0.0025898020030581392
0.004053209999256069
0.002883233999455115
0.002734636000241153
0.002841252000507666
0.002354786000068998
0.0018713919998845086
0.003440643999056192
0.0016161679996002931
0.0015966760001902003
0.00259340399861685
0.0026416069995320868
0.002237073000287637
0.0016868960010469891
0.002952242997707799
0.0019413720001466572
0.002194710999901872
0.002884405002987478
0.0018775319986161776
0.0024181769986171275
0.0016750930008129217
0.0019974819988419767
0.0030715729990333784
0.00198255000213976
0.003102561997366138
0.002363928000704618
0.0023182359982456546
0.0019815880004898645
0.002301131000422174
0.003049429000384407
0.0025498270006210078
0.0028621470009966288
0.0042204960009257775
0.004586439998092828
0.004690038000262575
0.0033089930002461188
0.004324333000113256
0.005715588002203731
0.0038183489996299613
0.002938901001471095
0.004976896998414304
0.004025759000796825
0.002967417000036221
0.0023810539969417732
0.0031819249998079613
0.002956704000098398
0.0022719850021530874
0.004459551997570088
0.0018541470017225947
0.0027231799977016635
0.003369378002389567
0.003547133001120528
0.0034081009980582166
0.0020830159992328845
0.002632864001498092
0.0025665889988886192
0.003030478001164738
0.002461281001160387
0.0030183359995135106
0.0026408849989820737
0.0019052440002269577
0.0026138190005440265
0.00167789800252649
0.0025961739993363153
0.002468869999574963
0.0033917820001079235
0.001834955000958871
0.001996205999603262
0.002721016000577947
0.00190195300092455
0.0021152689987502526
0.0023159400006989017
0.0031502320016443264
0.002421893001155695
0.002324125001905486
0.0017969649998121895
0.0027958919999946374
0.0029260190021886956
0.0016752590017858893
0.003549352000845829
0.001169548002508236
0.0020801089995075017
0.0011544519984454382
0.003004129001055844
0.0033938699998543598
0.0026599540033203084
0.0032787650015961844
0.0022586349987250287
0.002676183001312893
0.0033684859990898985
0.004901790001895279
0.005571710000367602
0.003545887000655057
0.0024244199994427618
0.003921167997759767
0.00360274299964658
0.003001771001436282
0.0024767340000835247
0.0023968579989741556
0.002981075998832239
0.002567696999904001
0.002832101999956649
0.003079400001297472
0.0025358509992656764
0.002459374998579733
0.003847226002108073
0.00412900300216279
0.0030073500020080246
0.0028087290011171717
0.0038109519991849083
0.003957900000386871
0.0036142289973213337
0.002230598998721689
0.0030386189973796718
0.0027872739992744755
0.0032092159999592695
0.002044138000201201
0.004119772998819826
0.0016486060012539383
0.002406371000688523
0.002183233002142515
0.0026743650014395826
0.0018708150018937886
0.0018259130010847002
0.0027640400003292598
0.002258422002341831
0.002122916001098929
0.002596498998173047
0.002224834999651648
0.002109041000949219
0.0020223840001563076
0.0034678269985306542
0.002066642999125179
0.002173250999476295
0.0027096879966848064
0.0029102420012350194
0.0021540569978242274
0.0017629959984333254
0.0026304830025765114
0.002024621997406939
0.0018863810000766534
0.002578384999651462
0.0024415410007350147
0.0023880930020823143
0.001956256000994472
0.003685628998937318
0.0020760059996973723
0.0022147100025904365
0.0022291269997367635
0.0025227709993487224
0.002485080000042217
0.002200887000071816
0.003527926000970183
0.002234214000054635
0.002366640997934155
0.002372523998928955
0.0022658779998891987
0.0021292700002959464
0.003232113998819841
0.0021381830010795966
0.001540482000564225
0.0019705980012076907
0.002260941000713501
0.0020265899984224234
0.002568579999206122
0.0018381070003670175
0.0034897360019385815
0.0023486560021410696
0.003732376997504616
0.0025040770015039016
0.002510884001821978
0.0023358870021183975
0.0032681209995644167
0.0019037150013900828
0.002239253997686319
0.001933946001372533
0.0019618119986262172
0.002443744000629522
0.0020486080029513687
0.002891654999984894
0.002045592998911161
0.0020676109998021275
0.0022799530015618075
0.0015302780011552386
0.0025041930020961445
0.0031440490020031575
0.0033559369985596277
0.0022042310010874644
0.0020931620019837283
0.0036412920017028227
0.003273267997428775
0.0032941220015345607
0.003221977000066545
0.004149896001763409
0.0027095629993709736
0.0032518830012122635
0.0025634800003899727
0.003471105002972763
0.0020528160021058284
0.002235025000118185
0.0022344729986798484
0.0021191539999563247
0.00251096099964343
0.003438731000642292
0.0024318350006069522
0.0020892710017506033
0.002209890000813175
0.00249792099930346
0.0034808970012818463
0.002758231999905547
0.004092211001989199
0.0035290509986225516
0.003124513998045586
0.0033968239986279514
0.0024068139973678626
0.003762989999813726
0.0022691110025334638
0.0028240370011189952
0.0025319969972770195
0.002256146999570774
0.002089446999889333
0.0032463659990753513
0.001972911999473581
0.0015277429993147962
0.0019392320027691312
0.0021770300008938648
0.002422729001409607
0.0025496819980617147
0.0028095449997636024
0.0027888750009879004
0.002011845997913042
0.002621961997647304
0.0024814729986246675
0.002034263001405634
0.0026813509975909255
0.0033562480020918883
0.0015779139976075385
0.0021515230000659358
0.0018987620023835916
0.0018471440016583074
0.002103851998981554
0.0025472500019532163
0.0031593120002071373
0.0014762589999008924
0.0022603689976676833
0.0012408510010573082
0.0018420759988657665
0.0012634049999178387
0.0024571080030000303
0.0031486980005865917
0.003381579997949302
0.002097717999276938
0.0018662740003492218
0.002244586998131126
0.002147917002730537
0.0026054290028696414
0.002145987000403693
0.00040188599814428017
0.003282976998889353
0.002161080003133975
0.0024250099995697383
0.0022785069995734375
0.002981671001180075
0.002417814001091756
0.00303472499945201
0.0014065059986023698
0.002404849998129066
0.0027511560001585167
0.003376820997800678
0.002897646998462733
0.0030999299997347407
0.0026867510023294017
0.0029903160029789433
0.0027192800007469486
0.002104300001519732
0.0027792180007963907
0.0020299360003264155
0.0037480659993889276
0.002610943000036059
0.0024845450025168248
0.002665208998223534
0.0026450430013937876
0.001512990998890018
0.003136906001600437
0.003367771001649089
0.0034931289992528036
0.0018319369992241263
0.0022386550008377526
0.0022981049987720326
0.0018770839997159783
0.0035061240014329087
0.00197741999727441
0.0018204839980171528
0.0023971720002009533
0.0019080450001638383
0.0020984239999961574
0.0016454389988211915
0.002411404999293154
0.0023728089981887024
0.0019528770026226994
0.001993845999095356
0.003418606000195723
0.004437696003151359
0.003445684000325855
0.0029826890022377484
0.005060013998445356
0.0033925500028999522
0.002347505000216188
0.0033231130000785924
0.0023965180007508025
0.002286793001985643
0.0026258580001012888
0.0017113480025727767
0.001965622002899181
0.0017268150004383642
0.0029187040017859545
0.002172789998439839
0.0023169810010585934
0.003060189999814611
0.001603322998562362
0.001980648001335794
0.0017098480020649731
0.0025632609977037646
0.0016788230022939388
0.002609568000480067
0.0017425420010113157
0.0027766429993789643
0.0015943730031722225
0.0020723749985336326
0.0020214340001984965
0.0025967760011553764
0.0019611079987953417
0.001803962997655617
0.002603847999125719
0.002301559998159064
0.002012709002883639
0.0014786540014029015
0.0016158609978447203
0.0032514339982299134
0.0029933699988760054
0.003722886001924053
0.002713514000788564
0.002469700000801822
0.002871016000426607
0.0028012299990223255
0.0026531439980317373
0.003920858998753829
0.002042610001808498
0.0016201209982682485
0.0016061990027083084
0.00255474199730088
0.0018021089999820106
0.002379952999035595
0.002385740001045633
0.001985759001399856
0.0019238690001657233
0.0018508569992263801
0.001963152000826085
0.0033877809983096085
0.0017148680017271545
0.0019665600011649076
0.002885591002268484
0.0018887510013883002
0.0013205399991420563
0.0012246779988345224
0.0011362429977452848
0.0025419800003874116
0.0027917260013055056
0.0018273450004926417
0.002381778002018109
0.0019487290010147262
0.0018949679979414213
0.0021682389997295104
0.0026847379995160736
0.002673997001693351
0.002318257000297308
0.0017527389973110985
0.0027337060018908232
0.002149495998310158
0.0013964390018372796
0.0021911449985054787
0.0024224070002674125
0.0018343449992244132
0.002255183000670513
0.001973034999537049
0.0028015349998895545
0.0016285730016534217
0.001684727998508606
0.0014270799983933102
0.001896619000035571
0.002344375003303867
0.00150864999886835
0.0020197169978928287
0.002240435998828616
0.002378227000008337
0.0022476840022136457
0.002060501999949338
0.002466472000378417
0.002394058999925619
0.0019528310003806837
0.0023955940014275257
0.0023826889992051292
0.001700208998954622
0.001545291997899767
0.001529122000647476
0.0028306309977779165
0.0019506700009515043
0.0016322459996445104
0.002107405998685863
0.0023099620011635125
0.0012626620009541512
0.0013377670002228115
0.0018062790004478302
0.0014190649999363814
0.002051124996796716
0.002508518002287019
0.0015844049994484521
0.0022667560006084386
0.0020794230003957637
0.0016510700006620027
0.0019467790007183794
0.0015289600014511961
0.0016906849996303208
0.003143994003039552
0.0020358109977678396
0.0018027349979092833
0.0022650810024060775
0.0026654880020942073
0.0019861670007230714
0.003931482002371922
0.003493676002108259
0.004852588001085678
0.0024630510015413165
0.00295132300016121
0.0031095090016606264
0.002305943999090232
0.001955443000042578
0.0024898339979699813
0.0027422680032032076
0.0018579440002213232
0.002648351000971161
0.003524238996760687
0.0025300560009782203
0.0024046799990173895
0.0030066760009503923
0.0024520289989595767
0.0023690220004937146
0.002721261997066904
0.0026036030030809343
0.002094580999255413
0.002746639998804312
0.0023215599976538215
0.0019890990006388165
0.0014400719992408995
0.0018824830003723036
0.002691128996957559
0.0022260389996517915
0.002645028002007166
0.0020157479993940797
0.0018278119969181716
0.0014999449995229952
0.001301060001424048
0.0015995260000636335
0.002672218000952853
0.0017500719986855984
0.0023066479989211075
0.0025756569993973244
0.0019498270012263674
0.0017009610019158572
0.0019481929994071834
0.0019828830008918885
0.002804685998853529
0.0014898230001563206
0.002334419001272181
0.002583287001471035
0.001584068999363808
0.0016229159991780762
0.001196936998894671
0.0019530980025592726
0.002044210999883944
0.002207761997851776
0.001697656000033021
0.0020120719964324962
0.0020868779974989593
0.0015718850008852314
0.0009480840017204173
0.001483211999584455
0.0018372949998592958
0.0017937230004463345
0.003128471002128208
0.0019606450005085208
0.0023676950004301034
0.0017462799987697508
0.0026587719985400327
0.003258845998061588
0.003616848000092432
0.002026835998549359
0.0018576510010461789
0.0018369999997958075
0.0021847349999006838
0.0021339509985409677
0.002754614000878064
0.002093865998176625
0.0027144919986312743
0.0012992930023756344
0.0026530139984970447
0.002792252002109308
0.00207696399957058
0.0024268390006909613
0.003141673998470651
0.004417776999616763
0.002337697998882504
0.0030648669999209233
0.0024872979993233457
0.0023894210025900975
0.0030603480008721817
0.0017861679989437107
0.0015163419993768912
0.00169163399914396
0.002237843000330031
0.002461248997860821
0.002101326001138659
0.000772052000684198
0.0024358309965464287
0.0021401800004241522
0.0023526299992226996
0.003010999000252923
0.0022392069986381102
0.0032303200023307
0.002008495001064148
0.0028563199994096067
0.0035742389991355594
0.002546494000853272
0.004400100999191636
0.002510667000024114
0.0028934990004927386
0.002224604999355506
0.002420339998934651
0.0037947730015730485
0.0023071089999575634
0.002547758998844074
0.003940421000152128
0.0027779659976658877
0.003295520000392571
0.002276808001624886
0.001921171002322808
0.0023276259998965543
0.003365754000697052
0.002614224998978898
0.002699091000977205
0.003230702001019381
0.0015550640018773265
0.0018931679987872485
0.003900292002072092
0.0023930469978949986
0.002562172001489671
0.0031798109994269907
0.0021221859969955403
0.0022696949999954086
0.0021765799974673428
0.003068461999646388
0.002804109000862809
0.002912510000896873
0.0032133319982676767
0.0020522449995041825
0.0017511590012873057
0.0035920770023949444
0.0026638870003807824
0.003666839998913929
0.0024803209998935927
0.001796107000700431
0.0027304600007482804
0.00564868400033447
0.002201000999775715
0.0034315099983359687
0.0027159660021425225
0.0018957979991682805
0.003187427999364445
0.0038388230022974312
0.002826679999998305
0.0017862880013126414
0.0018883680022554472
0.002532513997721253
0.003002869001647923
0.00502574400161393
0.002356797001993982
0.002814403000229504
0.0018311229978280608
0.002822599999490194
0.0035690100012288895
0.0043331699998816475
0.0028507220013125334
0.001680111003224738
0.0025759080017451197
0.0032028890018409584
0.0029128370006219484
0.0031360180000774562
0.0023650219991395716
0.0017076260010071564
0.002368622997892089
0.0036744099998031743
0.0033872849999170285
0.001395281000441173
0.003192694999597734
0.0024921389995142817
0.0023028770010569133
0.001961666999704903
0.0034103470025002025
0.0025482829987595323
0.0024201630003517494
0.0029107469999871682
0.0026007490014308132
0.0018251049987156875
0.0033012880012392998
0.0027560529997572303
0.001774297998053953
0.0029546670011768583
0.001995785001781769
0.0027133809999213554
0.00272583599871723
0.0031919120010570623
0.00154170099995099
0.002915369997936068
0.0027141419996041805
0.0023310460019274615
0.0020044199991389178
0.002346368997677928
0.0029059049993520603
0.001965557999938028
0.002139798001735471
0.0020977729982405435
0.0019608800030255225
0.002025449000939261
0.0014205139996192884
0.0027573270017455798
0.002118382999469759
0.0019272579993412364
0.002468455000780523
0.0017968610009120312
0.0015140399991651066
0.002169365998270223
0.002094051000312902
0.002448694001941476
0.0016202859987970442
0.0020725280010083225
0.002645104003022425
0.001184503998956643
0.0005738860018027481
0.0015118699993763585
0.001495073000114644
0.001402714002324501
0.0020243010003468953
0.0023856040024838876
0.0011658109979180153
0.002333121999981813
0.0022043780008971225
0.0017612459996598773
0.0013426229998003691
0.00045502699867938645
0.0015106200007721782
0.0008420199992542621
0.0013063570004305802
0.0022319499985314906
0.0022187100003066007
0.0018215919990325347
0.0024871489986253437
0.0021934680007689167
0.002134276997821871
0.0013637590018333867
0.00161117600146099
0.0025181140008498915
0.002223539002443431
0.0021116860007168725
0.002215035001427168
0.002284209000208648
0.002098095003020717
0.002029425999353407
0.0030075510003371164
0.0026731090001703706
0.0008167949999915436
0.0017776900021999609
0.002413013000477804
0.0022446720031439327
0.0022463650020654313
0.0025056019985640887
0.0029017380002187565
0.002042691001406638
0.0025485109981673304
0.0019956910000473727
0.0023936580000736285
0.002884757999709109
0.0024189830000977963
0.0024804830027278513
0.002462053998897318
0.002346123001188971
0.0023292580008273944
0.002899613002227852
0.0033501850011816714
0.0031849270017119125
0.003018655002961168
0.0017426019985578023
0.0030378669980564155
0.002618232996610459
0.002006890998018207
0.0020712260011350736
0.0024043810008151922
0.002288440002303105
0.0020137630017416086
0.002919479000411229
0.002257025000290014
0.0020761449995916337
0.0016523429985682014
0.003016377999301767
0.0022132960002636537
0.0019174170010956004
0.0015730529994470999
0.002096671003528172
0.001622157000383595
0.001693841000815155
0.0016924450028454885
0.0023085520006134175
0.0012859839989687316
0.0023147230022004806
0.0018005029996857047
0.0024433319995296188
0.0022769869974581525
0.002288136998686241
0.0022273829999903683
0.0036750049985130318
0.0023179759991762694
0.0025194920017383993
0.002740084000834031
0.0019396440002310555
0.0020514380012173206
0.003623901000537444
0.0020036189998791087
0.0030138010006339755
0.003029078998224577
0.0016224070022872183
0.0018658730004972313
0.0021021600005042274
0.002732116998231504
0.0037662479990103748
0.0018375619983999059
0.0021211710009083617
0.0021656790013366845
0.0020423059977474622
0.001776884000719292
0.003608109000197146
0.0026587030006339774
0.002119147997291293
0.0027082540000265
0.0023317429986491334
0.0018032529987976886
0.0006031479970260989
0.001291116001084447
0.0036684560000139754
0.0022726290007994976
0.0021846359995834064
0.0022194019984453917
0.0008523500000592321
0.0022586339982808568
0.0018121329994755797
0.0022723260008206125
0.0022496899982797913
0.002343388998269802
0.002239829998870846
0.002116664003551705
0.0019518359986250289
0.0013453840001602657
0.0018573009983811062
0.003044053999474272
0.002462429001752753
0.0019011660006071907
0.0026209150018985383
0.003106896998360753
0.002837503998307511
0.0015756140019220766
0.0023090510003385134
0.0023776670022925828
0.0012094109988538548
0.0017242600006284192
0.002938545003416948
0.0011538310027390253
0.0022030840009392705
0.001267480998649262
0.0029321190013433807
0.0021508370009541977
0.0019185249984730035
0.002027782000368461
0.0020393500017235056
0.0022868979976919945
0.0015668899977754336
0.0017195479995280039
0.0025064589972316753
0.0018952409991470631
0.001579144001880195
0.0021322149987099692
0.002934139996796148
0.0021127559994056355
0.0019999360010842793
0.0013021599988860544
0.0024409369980276097
0.0020258100012142677
0.0015138439994188957
0.0023548799981654156
0.002191485997173004
0.0019529620003595483
0.001979823999135988
0.0023297919979086146
0.0008093779979390092
0.00328107200039085
0.0013077420007903129
0.0017765399970812723
0.0021196240013523493
0.0027612180019787047
0.0026048349973279983
0.0022314170018944424
0.003438061998167541
0.0015614269977959339
0.001904319000459509
0.002492889998393366
0.0022684710020257626
0.0016656830011925194
0.0016314870008500293
0.0018848430008802097
0.002710952998313587
0.0018949440018332098
0.0014093139980104752
0.0024112409992085304
0.0024662520008860156
0.0015121010001166724
0.002189264003391145
0.002207677000114927
0.0026887500025623012
0.0019536710024112836
0.002180456001951825
0.0022502790016005747
0.002926922003098298
0.0021818730019731447
0.001302625001699198
0.0022630620005656965
0.002775360000669025
0.0025518110014672857
0.0026662119998945855
0.002475694000168005
0.0019210479986213613
0.001984696998988511
0.002416594001260819
0.0019973640009993687
0.0020056760004081298
0.0017846360024122987
0.002180911000323249
0.0031750820016895887
0.0032757840017438866
0.00331390800056397
0.0013288160007505212
0.0022199670020199846
0.0019251560006523505
0.0022711229976266623
0.0027837330017064232
0.0010464519982633647
0.0015527319992543198
0.0031012690014904365
0.0017869369985419326
0.0021277660016494337
0.0028293049981584772
0.002482899999449728
0.0027008299985027406
0.0032470449987158645
0.0022567730011360254
0.0015755480017105583
0.0027204839971091133
0.0023754560024826787
0.002422280998871429
0.0015141930016397964
0.0012906379997730255
0.002169053001125576
0.0019870389987772796
0.0014203249993443023
0.002355661999899894
0.002513608997105621
0.0019295949969091453
0.0013657499985129107
0.0012722489991574548
0.0021146610015421174
0.002670150999620091
0.002379368001129478
0.0022166529997775797
0.0026711449972935952
0.00238399199952255
0.00263815899961628
0.0011274619973846711
0.002925403998233378
0.002431952001643367
0.0022268449974944815
0.00188857399916742
0.0021808139972563367
0.0018239300006825943
0.0015879339989623986
0.0021131800021976233
0.0023374960001092404
0.0020087449993297923
0.002131809000275098
0.002077241999359103
0.0017664379993220791
0.0013359019976633135
0.0014897219989506993
0.001221186998009216
0.0020082880000700243
0.002348456000618171
0.0019267589996161405
0.0015997869995771907
0.0021131479988980573
0.001800302998162806
0.0013532539996958803
0.002071864000754431
0.0012051419980707578
0.0015634359988325741
0.002152954002667684
0.0018670050012588035
0.0018951649981318042
0.002052222000202164
