25.772808764999997
31.209802066000005
23.526760968999994
31.632990054000004
15.584220299000009
23.318696679
16.436539150999977
0.24600081700000942
2.693164381999992
14.426371657999994
6.326823945000001
31.128155461000006
33.125469611
17.558955852999986
34.786610146999976
8.738402877999988
2.5833479579999903
23.298770662000038
14.55352631400001
29.46965794800002
29.93554151699999
15.432186694999984
12.591376962000027
23.900364903000025
10.120775154
22.02321355600003
7.65118804399998
19.02986531800002
22.436469869999996
8.183328556999982
26.284755971000095
27.060537554000007
33.635717142999965
6.201401250999993
33.44160436600009
9.211404085000026
23.521091491999982
7.110738577000006
18.613145325000005
2.9232430349999277
25.37838543700002
13.864658443000053
26.748456191999935
3.2432174400000804
27.248058286999935
31.742766148999976
0.2813111809999782
21.44667563099995
30.041768986999955
27.126828805999935
4.505936884999983
22.786440223
2.8500548329999447
0.8077827179999986
29.15978958200003
20.520765812000036
1.7063341539999328
20.16859515200008
33.02038369899992
32.41241830099989
17.427572732000044
8.675680216999808
13.75340892500003
28.591473507000046
34.917431767999915
22.82305979800003
23.72905543800016
37.564202556000055
0.48751159899984486
2.59128617500005
1.0215338880000218
31.056295942999895
21.21497367400002
12.214141301999916
33.253047614000025
24.183634091000158
7.990462556000011
30.32948353500001
32.25338546299986
20.69108297999992
27.52983389399992
18.97799923799994
3.6955959599999915
6.905281065000054
15.26236830300013
3.2993311810000705
27.671139267999934
20.37009755300005
28.929349126000034
22.91053000199986
1.9861529340000743
28.250065119000055
12.979664493999962
30.174787316999982
13.082511090000025
22.21552397900018
26.044666545999917
6.278805861000137
28.905639112000017
28.711890519000008
2.699467274999961
32.33360179400006
18.841202652999982
2.64780678000011
8.539135391999935
16.07612049799991
32.57407304200001
21.590794512000002
17.563813561000188
6.623648820000199
26.885011090999797
16.303124882999782
18.45449484200026
33.67309010000008
8.652201469999909
17.716967716
13.041244040000038
33.33424311899989
0.6979935169997589
35.17757624500018
36.08129972500001
17.865694877999886
12.253893644000073
38.166618282999934
9.192427186999794
1.7544705149998663
20.482736595999995
35.134132362999935
13.245612620999964
33.00389524000002
25.644034124999962
40.5578529710001
26.505678424000052
28.281090235999727
20.393367726999713
22.814822557999832
3.39881528900014
8.184248087000014
19.51015214800009
21.23038760899999
19.4302750679999
35.36701894399994
31.168991630000164
20.11537614300005
12.85719169999993
9.936163987999862
22.07150898100008
26.61801500799993
0.006906505999722867
12.760364738000135
5.541129100000035
17.071156668000185
27.6970536419999
27.10004587200001
1.3980520509999224
19.41718449100017
30.621540282000296
6.320491519999905
18.309687753000162
30.031161128999884
28.356391697000163
25.29639951900026
16.743184267000288
19.82277301100021
30.222862410999824
3.664431605000118
35.896916029000295
4.853615169000022
20.847934566000276
11.856027277999601
2.7755581860001257
9.914751373999934
9.897911938000107
15.918190611999762
17.527068833000158
3.5620033079999303
31.36569885400013
19.334995843999877
13.35756318499989
34.23771933499984
0.650536841000303
4.897244652999689
39.10051298799999
7.635564655000053
46.798251503999836
16.090136411999993
12.609331378999741
17.035516003999874
12.045694020000155
10.018991779000316
11.000813877000382
43.62839779700016
16.44704366799988
36.50683215200024
28.879533837000054
12.331175275000078
23.650182741999743
40.06195018900007
19.828920067000126
41.94665418100021
19.718803365999975
36.52375552400008
7.918666190999829
28.308952494000096
31.823202998999932
36.92536123799982
0.06528402499998265
7.034684552000272
34.49576780699999
40.45280701400043
28.966266282000106
31.428092625999852
21.18735499899958
11.750292532000458
9.451545583999177
32.45735589099968
21.615705793000416
22.570899170999837
30.18453464600043
25.369693663999897
0.1922705409997434
10.337288094000542
40.89519149199987
14.903647660000388
6.507493391000025
26.930771772999833
9.013760904000264
30.26772920500025
22.01151313399987
1.596565322999595
25.14626417999989
0.6443950089997088
20.415613117000248
27.09981670199977
14.896873828000025
7.101451243999691
20.749295830999472
18.538532275999387
30.056167276999986
1.1645788310006537
6.127744700000221
31.74539190500036
16.40187308900022
0.7979388260000633
13.806142096000258
15.331083930999739
8.340431791999436
15.450095595000676
15.682964265999544
2.657985961000122
1.3316955939999389
11.562846931000422
33.80802492799921
13.85743639500015
37.98385534499994
3.936277202999918
1.7353275290006422
0.8824297850005678
40.98689128699971
10.628235547999793
9.237723368999468
30.893139282999982
21.977002210000137
6.320932218999587
23.558973326999876
32.2209933260001
17.454586961000132
15.758133000999806
2.2932223580000937
17.369118643000547
25.584050776000367
31.47002612899996
7.2326211730005525
8.96134604800045
28.587366165000276
16.477579362000142
16.589658032999978
22.845903955000722
16.552185086999998
18.955029964999994
27.635209867999947
9.792169385000307
33.793723401000534
16.544596544000342
26.92961632799961
19.953899134000494
12.8307576469997
15.138017951999245
13.58521349900002
18.88156562899985
27.878956017000746
34.83602402499946
27.891363162000744
6.746037955999782
24.24235997300002
12.767597406999812
19.1739160420002
31.60594680700069
1.6444428369995876
15.721317319000264
33.93824540700007
10.356310273000418
4.437577345999671
12.126674138999988
4.980859873000554
17.024106014999234
33.46439879599984
17.048086463999425
9.157616756000607
36.15026178700009
24.781902913000522
0.3835694710005555
22.91108941499988
22.685932450999644
24.414013493999846
16.544650747999185
4.658507156000269
0.4844271900001331
12.987808679999944
29.350598424000054
0.6952597970002898
31.328819016000125
14.159482584000216
0.7850161280002794
26.926384420999966
20.956614454999908
26.9374820059993
33.488687432000006
24.445667969999704
25.93376423999962
3.22053546799998
35.293653554999764
11.286346490000142
7.265670325999963
31.561689537999882
20.473283158999948
12.422973177999665
17.69726954900034
1.3868988980002541
20.12378384600015
22.143085185999553
18.02406368999982
32.99665067499973
47.137319866000325
42.93798373200025
24.717997516999276
18.96278512200024
10.385762537999653
4.714254342999993
1.2847883880003792
23.37021662799998
22.15725349799959
9.326335458999893
22.842979917000775
14.147540276000655
29.810392008000235
15.670854473999498
30.105385566000223
36.35350522799945
6.6168791099999
18.537879778000388
31.34038270400015
7.818325005000588
9.928567766000015
36.627121141000316
5.599651648999497
1.6977905160001683
7.277529451999726
17.709172489000593
24.32815741000013
6.111447567999676
22.827908686999763
1.6039819859997806
19.055116235999776
9.036112755999966
17.614832993000164
8.880209744999775
15.35029582900006
12.624735024000074
24.532307978000063
11.218281249000029
4.6283000399998855
34.58594938199985
1.9490529659997264
21.21450398199977
2.94022504700024
0.372371975000533
30.615702797999802
10.977103984999303
13.39496366200001
31.59597797400056
11.977191082999525
11.880532428999686
29.20044692400006
17.580470611000237
29.531622470000002
19.97348363800029
42.500557899999876
36.799394327999835
29.710350729999845
2.713848013000643
20.96635845899982
14.782658626000739
30.98207027599983
8.61211247600022
27.59572594600013
18.357259409999642
2.336577733000013
3.2698884649998945
34.74423858999944
9.651187567000306
7.016782343000159
6.084303822999573
11.930335179000394
4.503176300999257
19.740448639000533
31.918294263999996
23.76517861100001
9.767566195000654
7.267983491999985
23.019064663999416
34.01202469100008
7.513215068999671
14.189033403999929
16.940837991999615
32.57968301700021
3.4942582390003736
36.14544613399994
26.004297393000343
0.7621432149999237
9.491874081999413
14.546443305000139
12.080724614000246
29.739109042000564
25.950991382999746
28.70314281299943
14.741067286000543
19.74687620399891
29.772998622998784
25.656254554000043
40.31983530400066
29.903133765999883
27.67756358600127
28.42789500700019
26.037295025000276
34.845665071999974
12.189191820001724
35.84099111999967
6.314923580999675
9.578638032999152
2.140124895000554
36.84954112599917
16.077435469998818
24.293057431001216
26.8360073749991
15.603160512000613
0.6858287579998432
3.8175847019992943
2.6766291429994453
27.111995199000376
10.767522685000586
39.41443824900125
34.844849794000766
3.361624749000839
6.105235918999824
34.097066709999126
12.478753598999901
27.858643256000505
15.145125207000092
7.108995838998453
37.45618018500136
23.144341000999702
19.776972698000463
2.734828381000625
7.177981532000558
36.39630294500057
17.860095721998732
14.431060636999973
7.335198308999679
15.06351251200067
2.5042131899990636
3.5859758850001526
19.410010640998735
29.494523311001103
2.9327979539993976
26.16972355100006
34.28501670500009
20.14393005200145
21.79496274199846
10.782749216999946
27.90411341899926
12.933379883999805
35.767415697000615
4.430680364001091
7.785990688000311
27.28837075699994
25.348723084000085
14.27456587100096
4.2870863570005895
14.862409321000086
9.77547634000075
27.14285729599942
14.758754914999372
11.56753758999912
9.348816314000942
21.262880456999483
14.915900083999077
23.586816561999512
5.184679931999199
30.231862513001033
17.76963405800052
33.2820316010002
24.723190544000317
12.471474509000473
25.28127244999996
20.667436330999408
19.404773620000924
15.533231515000807
14.120891516999109
24.57380786700014
35.1474899320001
13.302877054000419
7.286392242000147
26.25489625499904
25.246381637000013
4.90933613299967
14.825675857000533
22.469731430001048
1.3209576999997807
36.81061021300047
34.445121032000316
3.8663012649994926
25.614444343998912
8.643876322001233
2.3326726899995265
24.61650895099956
21.605088700000124
24.411504733001493
14.604819645001044
6.935928954000701
17.478460792999613
8.30960466400029
2.304017597998609
4.662302022999938
11.071768533000068
35.80310383399956
33.36184578599932
32.29177129299933
9.705866572001469
28.813507486000162
9.22360945299988
0.15516606399978627
0.6446388610002032
18.459149401000104
14.67851991399948
19.483363765999457
39.08667187099854
31.965205082000466
33.21049527099967
6.388193578999562
10.745212240999535
18.159515612998803
34.28522267399967
21.21194178800033
20.726979940998717
3.22062041999925
15.27746045999993
31.45441741200011
26.136068763000367
28.686925337000503
2.640596106000885
12.528612748999876
34.707096664000346
33.281529752001006
38.99712016099875
12.338646954998694
30.944636800000808
9.348722875000021
36.71010362499874
1.1993812560012884
10.85731921399929
27.003131725999992
27.54949246400065
25.594282901998668
6.2454134719992
18.758298398999614
33.39936696899895
19.958126007999454
23.900817993999226
8.518747489999441
19.03257286400003
35.43045827700007
15.914204850001624
34.594407063999824
28.52953949699986
4.668034000000262
17.587117175000458
8.460438182000871
29.534193403000245
22.593393612
6.755556685000556
33.388847022000846
30.402551892999327
21.63620846199956
24.19792934600082
5.771698517000914
21.111194339000576
18.064343767999162
5.06613827000001
37.24373111800014
11.539790151999114
21.046899372999178
22.67396379499951
32.99771022800087
31.135073821998958
11.269233119999626
33.0634578600002
30.923362134000854
23.4041641040003
10.972852097000214
28.595281503001388
13.4886745219992
13.216768047999722
12.15599217199997
6.296963298000264
23.351008900001034
10.517200353999215
17.637009769998258
19.206122257999596
4.830013767001219
32.20416834699972
8.729887909001263
17.902885196999705
15.889567270000043
36.18573426700095
21.007881124998676
16.034540791000836
24.16965303699908
5.778665771998931
13.4074445260012
36.173250799000016
2.0832498260006105
26.54335872699994
10.512167418999525
31.602088227999047
10.032401272999778
34.13190778200078
0.34344955400047184
6.631459203999839
3.5232871869993687
7.328473933001078
3.6398664289990847
22.04168676699919
13.239353729999493
8.773311429000387
26.24982727099996
34.71607382399998
3.224759051001456
28.597433047001687
31.595187447999706
9.697402689000228
21.88762178899924
0.6596973649993743
21.230309096999918
29.172516369999357
25.057417003999944
6.927482409999357
27.571497052000268
17.95149325300008
37.12365310799942
13.416498882999804
9.105681241000639
25.0645995699997
9.644834087001072
26.10964910400071
19.428697760999057
10.684910873998888
16.880163896999875
28.93009829500079
32.843386474
31.59276112900079
23.167073865999555
2.4172842410007434
34.959892581999156
33.63869183299903
7.319306775001678
24.50241265800105
29.192710302000705
11.088572287999341
24.74262638699838
30.960058782999113
3.8580148400014878
27.62963113099977
10.378907661000994
9.642841866998424
21.988500932000534
38.67108949500107
12.033667589999823
21.72462511500089
4.6298386819999
25.288078539999333
19.764761694999834
9.60818827500043
14.936815723000109
18.923928240999885
16.998909387000822
0.8312748009993811
5.7035565770001995
17.188422055000046
20.816464895000536
16.9674827559993
14.949013266001202
26.71060350800144
8.582429256000978
28.211211693998848
6.857850565000263
35.901708641998994
15.81145576400013
11.803571286000079
18.419256103999942
25.167655761999413
0.9252336139998079
28.828326078000828
6.3594037129987555
7.989647000998957
6.476586693001082
26.41095650399984
19.106781802000114
36.57554314900153
8.20609386599972
32.21619900800033
24.58607306199883
8.63459714900091
32.228350928999134
12.676984120998895
3.133922253999117
7.332827983000243
14.633444576000329
29.946975896998993
21.778282977000345
22.550992799000596
6.574863435000225
12.516938972001299
0.49935599899981753
5.74120030999984
13.676503795999452
20.303787208000358
38.399041652999585
19.914455485999497
2.505753597999501
18.946193862000655
36.155422159999944
14.176173797999581
2.7626381179998134
16.702207538999573
31.514157737999994
15.242533511000147
10.030212030000257
15.560756451000998
2.575749805000669
29.50756300499961
8.761041647998354
23.790538049001043
7.011166045000209
30.229459165000662
7.209476587000609
35.514304456999525
30.335105784000916
29.610472200000004
23.611226503999205
37.98459043399998
36.23074211199855
7.279657437999049
17.790275353998368
3.0886148499994306
1.786548252999637
5.843257235999772
23.156358489999548
13.444965620999938
30.12669072599965
10.229518923999422
28.13636716899964
13.525761356000658
5.710069860000658
10.338130063999415
10.211182369001108
2.805462959999204
4.923410874000183
16.019273262998468
38.8141328239999
37.86252491800042
1.0935523560001457
3.344669607000469
7.9608577149992925
2.689486813000258
23.738210638000965
37.936067704999004
29.32758778599964
30.55546223500096
21.76018445199952
15.884867516000668
10.778081137999834
29.47849078500076
24.19477015800112
15.91328548599995
13.585207985001034
33.79332492100002
1.9536456580008235
47.01167491600063
16.36731916700046
14.93638050700065
30.52245795700037
6.755676151999069
35.21753951299979
17.505756588001532
20.580234179999024
0.03595468000094115
20.74720566599899
31.651497402999667
19.99385453099967
19.09304704399983
1.5727031219994387
34.44382117600071
23.094487256999855
12.30817973000012
28.653953572998944
10.146977387001243
35.25703389999944
28.07036750899897
0.14019152500077325
33.35194060299909
12.77036039900122
21.52514379099921
26.565581871000177
28.272513452999192
12.372648413998832
18.830901892999464
11.955761485000039
5.868457219999982
23.873227433001375
11.32069803900049
27.97908851399916
24.55743706100111
19.757039145000817
9.980658284001038
22.503195807999873
1.4490097280013288
30.34278095100126
7.25432978400022
20.256239656000616
15.44462815299994
26.01632884600076
15.21471679500064
27.8802481849998
5.831719656000132
2.5400207129987393
28.24948356999994
0.9121025950007606
23.436829883999962
24.36598751800011
1.7291325950009195
30.257228701000713
11.515701876000094
18.474817323000025
34.078039531001195
4.05489831200066
7.913237144999584
18.683478764998654
15.425204656999995
24.50488796999889
8.78266066300057
6.83704407499863
12.968084472000555
4.989029639998989
25.46852592399955
25.66381580199959
14.114983962001133
30.614677473002303
6.129170993001026
34.40416277799886
32.607312488999014
35.440129221999086
2.1036656239994045
10.073319103001268
32.93085250399963
16.422933316000126
4.474997191999137
32.78230871999767
25.787368527999206
13.823359897996852
31.634708137000416
4.904130957998859
32.74157933699826
3.0895997669977078
2.119660271000612
23.556037489001028
14.17333306799992
21.942345480998483
19.38771771699976
2.512753717001033
6.0243020150010125
11.958262947999174
2.9345343679997313
21.286753675998625
22.52953477399933
20.06868552800006
23.178820730001462
32.861509851001756
14.90805663699939
15.410963574999187
14.353600417998678
21.63286993699876
16.619020589001593
26.6430985420011
15.874170327999309
10.510423202998936
34.361553441998694
32.42354534400147
16.990147337000963
34.062875941999664
24.43828949699673
29.175329043999227
7.487615609999921
20.185472757999378
11.767411269996956
7.923517343999265
6.032861392999621
14.060333984998579
22.712091875000624
0.7123632760012697
14.576328257000569
27.525274346000515
35.923326477000955
8.517904583000927
16.872517899999366
3.47008269700018
17.341575009002554
1.3642063709994545
27.269021606000024
22.642469182999776
24.927037927001948
12.834595596003055
29.517484316002083
21.18705720900107
19.356612974999734
19.307255040999735
23.95239984699947
18.275577176002116
11.334636505998787
5.461132173000806
6.203736389998085
8.09773310699893
15.487051346000953
11.584566102999815
14.613207454996882
18.585432488998777
7.207475482999143
4.487675814001705
36.30522171999837
25.783175903001393
0.5226007630008098
20.698610637002275
29.575630600000295
12.657563920001849
9.269532338999852
40.35417196700291
33.94159554599901
3.779108456998074
20.633192107998184
14.653451434998715
1.7886685660014336
29.76525276800021
21.49912873300127
29.81850269699862
5.121080082000844
0.7661958149983548
11.82361111299906
7.25391959800254
39.87688125199929
14.975492394998582
26.79947317800179
11.74868340499961
13.356646292999358
22.64810447399941
5.154866248998587
31.013974225999846
18.66751678700166
20.687570678997872
26.233916526998655
11.043112862997077
24.990532526000607
34.588432062999345
22.57652940099797
20.11124932900202
15.014225274000637
28.532074579998152
26.920976121997228
22.653650557997025
22.122176814998966
25.955365300000267
