55178738
64935999
45950581
57127910
33215757
49784498
36382087
510091
5897581
31287439
12979215
64685582
71146986
37422913
74758799
18695306
5799139
50501303
31132971
64756429
65117388
33175320
27936654
53855264
21557694
49471199
16696356
42676497
49571754
16958859
57303014
58059424
72333460
13115141
74014886
20111886
52705289
14985831
39975779
6272854
56290290
29750362
58763495
6962883
59748052
68460207
572327
46210251
64730493
59703281
9637373
50094720
6279755
1855057
63148281
44065437
3664214
45006527
71008153
71609683
38529059
18694815
30306287
61749718
75111748
49139598
47263119
71370080
1038301
5069141
2140646
66116962
44032200
24371056
72166920
50113727
16992170
59220425
66363536
41455050
56085141
39381835
7228066
13755781
31024673
6953296
56337475
42174435
59403300
47033476
3585329
62684883
27876527
64224472
28305183
49065977
57677220
13876572
62720637
64142923
5991119
69744257
40638685
5702857
19193598
36309356
70478102
47346185
38004038
14116810
59803896
36102144
40729387
74419140
18467940
39946654
28252283
72840611
1518443
63869093
68360460
32610090
23615383
70266285
11953760
1871985
37061995
67502293
26079269
68488606
49629748
70734531
51301593
60882957
43136029
41028422
4111602
9844344
34628722
40011836
38698078
72748520
66832092
44524626
28488505
22813895
49335762
57254865
6622
27391784
12430800
37892041
62660328
60026345
3129746
42081656
53518051
9838249
33486222
63866088
58317342
52386784
31716026
40773474
62986428
4616270
60326055
8670359
43820748
26308579
6096397
22020560
21917149
36200519
37596590
7884207
67799647
42736709
29684579
64089313
1081154
9464338
71807913
14621339
71982931
32221695
24458831
31620901
20209504
19188966
22550561
75860712
26538223
60009682
54907474
21934440
43001980
73276650
38096658
75122957
37669026
67824385
10490570
52528804
59607540
71665411
112892
12994309
65666639
75706481
59923215
62261479
43254703
23939961
20182767
70481746
45419041
49013195
62809990
50155715
364005
20763754
74266487
26502585
14244576
60812374
19873604
60190921
46876185
3455263
54159093
1462822
44171626
59571367
32160970
15241659
45085933
39927911
64390333
2575937
13161597
70514998
36359612
1758638
29666401
33775635
17596457
33108154
34548541
5958876
3083838
25616973
71968239
24276903
71142696
7926026
3019161
1840988
72428022
22849430
16965129
62439957
45614316
12779939
49437045
66241567
33965676
32371761
4901264
32606947
52979687
63709778
12744706
17503265
58442000
28433176
29811749
45545097
35936515
40335581
56909479
20589797
73393349
34246784
54734991
42533803
27589543
33706023
23958996
36748913
59126278
73481113
56373541
13918857
48230348
24558483
41037496
64964329
1996871
26170321
59119282
22533221
8987648
25874176
10448114
36347691
70686165
33097537
16127158
66663152
50597716
701116
48389229
45894878
50434785
34787905
9431796
1046846
27148519
61312611
1519369
65457952
27388746
1199151
52713470
43421759
52030899
60928523
46174480
45205032
6506414
74036200
23267058
16455964
66663339
41895825
25774248
36569362
3072314
41650356
46231837
37462945
64144177
74243873
74861324
42485683
33890477
19180936
8652556
2403532
42828016
44841553
19411370
48537427
30680622
53392792
25138787
43401636
72747364
13919320
37007333
65720616
16285413
20203661
73889947
10250274
3553382
15585529
34736023
50530765
13038024
48469363
3338847
38553618
16506143
35427661
16384950
31748635
26613214
50629679
22749323
10314388
68817328
3855609
42402858
6671187
869034
59635585
21871063
27827858
58470188
24081416
25963905
56669530
32428677
51739740
33503384
75556371
63221857
50475422
5794472
38637611
30345445
67248990
16175078
47862561
38970120
4803876
6979445
73234280
17268709
13579989
13194795
24401517
9942133
43177747
70537325
50683329
19465481
14413035
46801028
69424499
14487754
30096625
33341931
66767914
6302940
56356142
46361755
1595397
16831869
24005481
22161004
52072172
52231281
61852447
30300442
42600816
62022135
53415861
75131326
61855605
50146118
46066936
55991816
71606117
23903553
74049960
13598928
20442803
4481591
68647985
29035376
41676821
49901243
33518439
1465164
7633922
5986307
58467431
18111644
73161816
69775953
7276955
12215161
68740095
27562382
59926960
30963593
14321609
70314516
48332534
37486847
5402228
14376564
72584401
38351983
30438160
14576927
31300653
4871910
7691927
40970025
64098724
5865615
53288535
71757355
42189293
43186819
22247435
59428687
27396429
69285492
9459611
16338567
59185885
55835998
30487520
9669631
34162051
21641939
62118856
32593907
25615414
21868215
47340196
33855540
53474963
11318389
67860651
39835221
73226314
53375651
26192870
54673626
44330888
42850609
34143917
32031659
53764912
72653212
27714437
15164000
55429517
53017381
10179986
32202103
44648765
2468518
73321757
68659195
6578590
50026710
17813781
4920328
49814346
44713622
49839572
31120085
13606424
37843610
17247820
4655022
9604469
23994530
65710393
61546689
69125632
20307401
59813010
19347450
325199
1510091
38478064
27811489
35077192
70489731
58130559
64841572
12792355
22062900
36412355
67861152
43801148
44815381
6430624
29315373
62518676
43082782
64214731
5820414
27974140
74096453
60111742
75456617
23954218
53028241
17577423
68204294
2458454
20466993
53417300
57181242
52796040
12872895
39717964
66734465
40208643
48102847
15031037
40227895
73631701
33146906
73768680
59695107
9609456
36990532
17638459
61606419
46923133
14037791
72132062
63298902
46496078
50731036
11674534
42099176
36402124
8523479
70658658
23377671
43169916
46250538
67776062
66168660
23103880
71605991
62858218
48604658
22599173
59194256
28003902
28284473
25473479
14149822
51206414
21084114
38150684
40204164
10305572
69590107
18178719
37673759
34444682
75521916
41070323
31783755
49423753
11384897
26667347
71910462
4275996
55432309
21758168
68177078
20663140
73519420
717264
13725627
7732702
15177161
8078107
47661507
27561041
18640401
55201833
68902525
6679697
57261293
66581830
20394115
46013815
1253048
45757575
60821803
54315212
14757488
58169932
35417492
57682320
23854208
15546900
47314725
19809352
54844185
40637895
22837870
35715612
60677384
70479814
65513039
48182532
5133443
73300526
70128111
15221426
52967059
61246148
23129935
53278083
64269890
7891102
59988402
21500443
20478222
42099647
75882715
25091108
43794333
9560128
54450002
41090934
20669990
32154689
39712222
36532809
1814834
11874975
37553536
43631851
34584080
28148307
53686812
17102766
58418921
14175502
74807058
32761363
24680254
38978142
52116393
1774117
59254603
13155207
17268396
13831986
54067767
37719024
65919413
16517766
66840434
50975999
18588021
62852066
26066715
6679581
15974192
31619487
61773285
45538540
47977508
13483004
27257639
1065514
11555097
27239067
39839457
71447544
42502561
5291843
39136183
69611871
30620414
6034830
32668569
66160836
34246847
21490225
33598071
5916913
61727994
18607848
52171494
13121055
51280900
11295743
62097748
57091884
54514427
42496470
59657796
52152263
14788780
33989956
5656697
2920464
10841452
43003229
27295769
57039712
17640832
42429780
27938899
12332745
19735651
18799480
5171894
8956972
30649522
72923075
75831296
2506218
6968404
17149748
6043532
49485155
68284548
55795103
55433095
42592701
33333406
20587190
53800787
44787146
28045966
29963619
65493609
3053410
70605409
26448227
23760192
55699947
13583543
69128091
30880837
44850129
64833
38421287
58104011
39316062
41035860
3337944
71921038
47334648
26306200
59100713
21312474
69854289
54472538
271131
71620197
27258038
46242601
56946712
60606291
26404675
41408214
26305970
12515330
52939011
24032474
52784832
45730309
37657280
20768168
48248752
3018053
64079412
15344729
43822393
33150842
55369919
32553753
59394368
12434306
5855347
60458751
1841537
49779686
45154581
3455467
60509150
22246048
35180147
67286892
8544561
16878617
38546764
30015174
52162996
18451106
13974296
25098294
9904989
47382273
45841379
28073275
61506171
10490321
68683303
64604665
73351797
4429368
20749473
70557999
35457790
9303864
69128487
54198735
23992358
60798208
8609403
64033845
6630567
4619856
48746281
31290069
46757113
41538341
5473259
12939321
26693803
6484032
46602671
49975971
43074008
49676132
72307470
32759776
32931649
30747176
47356510
36631315
56977955
34883562
23576551
74309366
70993436
36327761
75647229
53899811
62498925
15630228
44707411
25357675
17495805
13373352
30928278
51314280
1550783
23436104
51849068
72988228
18450285
33455136
6419415
34716657
2828635
55700685
48234675
47083654
26178409
63907121
44916063
42688387
41293534
51474217
40094466
24419283
12554455
13805738
17967382
35110229
24672833
33218883
41119281
15380618
10271189
69819713
52838050
1084624
40210545
59099165
24623645
19071340
72856148
65871800
7998601
39459617
31722071
3926953
65041741
42446641
59082034
9075798
1677228
24489921
15046815
70250229
28501880
48851203
24435228
26768284
40969623
9935818
68161730
40365480
45465628
50614170
22003517
51709586
66353779
49452648
43274800
32215009
62970734
59457960
49770473
47438553
55624472
